	out_change1=0.006	#0.005
	out_change2=0.00005	#0.00005
	out_change3=0.001	#0.001
	out_change4=0.001
	in_change=1.01



	out_change1=0.0006	#0.005
	out_change2=0.000005	#0.00005
	out_change3=0.0001	#0.001
	out_change4=0.0001

